smnn_ari<-0.8023286
seurat_ari<-0.8018513
scdi_ari<-0.9734316




